{"cells":[{"metadata":{"_uuid":"8f2839f25d086af736a60e9eeb907d3b93b6e0e5","_cell_guid":"b1076dfc-b9ad-4769-8c92-a6c4dae69d19","trusted":true},"cell_type":"markdown","source":"# Principal Component Analysis"},{"metadata":{},"cell_type":"markdown","source":"### Importing Libraries"},{"metadata":{"trusted":true},"cell_type":"code","source":"import numpy as np\nimport pandas as pd\nfrom numpy.linalg import eig","execution_count":39,"outputs":[]},{"metadata":{},"cell_type":"markdown","source":"### Define a Matrix"},{"metadata":{"trusted":true},"cell_type":"code","source":"A = np.array([[1,2,3,4],\n           [5,5,4,7],\n           [1,5,2,3],\n           [5,2,1,1],\n           [8,3,2,2]])\n\nprint(A)","execution_count":40,"outputs":[{"output_type":"stream","text":"[[1 2 3 4]\n [5 5 4 7]\n [1 5 2 3]\n [5 2 1 1]\n [8 3 2 2]]\n","name":"stdout"}]},{"metadata":{"trusted":true},"cell_type":"code","source":"data = pd.DataFrame(A,columns  = ['f1','f2','f3','f4'])\ndata","execution_count":41,"outputs":[{"output_type":"execute_result","execution_count":41,"data":{"text/plain":"   f1  f2  f3  f4\n0   1   2   3   4\n1   5   5   4   7\n2   1   5   2   3\n3   5   2   1   1\n4   8   3   2   2","text/html":"<div>\n<style scoped>\n    .dataframe tbody tr th:only-of-type {\n        vertical-align: middle;\n    }\n\n    .dataframe tbody tr th {\n        vertical-align: top;\n    }\n\n    .dataframe thead th {\n        text-align: right;\n    }\n</style>\n<table border=\"1\" class=\"dataframe\">\n  <thead>\n    <tr style=\"text-align: right;\">\n      <th></th>\n      <th>f1</th>\n      <th>f2</th>\n      <th>f3</th>\n      <th>f4</th>\n    </tr>\n  </thead>\n  <tbody>\n    <tr>\n      <th>0</th>\n      <td>1</td>\n      <td>2</td>\n      <td>3</td>\n      <td>4</td>\n    </tr>\n    <tr>\n      <th>1</th>\n      <td>5</td>\n      <td>5</td>\n      <td>4</td>\n      <td>7</td>\n    </tr>\n    <tr>\n      <th>2</th>\n      <td>1</td>\n      <td>5</td>\n      <td>2</td>\n      <td>3</td>\n    </tr>\n    <tr>\n      <th>3</th>\n      <td>5</td>\n      <td>2</td>\n      <td>1</td>\n      <td>1</td>\n    </tr>\n    <tr>\n      <th>4</th>\n      <td>8</td>\n      <td>3</td>\n      <td>2</td>\n      <td>2</td>\n    </tr>\n  </tbody>\n</table>\n</div>"},"metadata":{}}]},{"metadata":{},"cell_type":"markdown","source":"### Standardized the dataset"},{"metadata":{"_uuid":"d629ff2d2480ee46fbb7e2d37f6b5fab8052498a","_cell_guid":"79c7e3d0-c299-4dcb-8224-4455121ee9b0","trusted":true},"cell_type":"code","source":"std_data  = (data - data.mean()) / (data.std())\nstd_data","execution_count":42,"outputs":[{"output_type":"execute_result","execution_count":42,"data":{"text/plain":"         f1        f2        f3        f4\n0 -1.000000 -0.923133  0.526235  0.260623\n1  0.333333  1.055009  1.403293  1.563740\n2 -1.000000  1.055009 -0.350823 -0.173749\n3  0.333333 -0.923133 -1.227881 -1.042493\n4  1.333333 -0.263752 -0.350823 -0.608121","text/html":"<div>\n<style scoped>\n    .dataframe tbody tr th:only-of-type {\n        vertical-align: middle;\n    }\n\n    .dataframe tbody tr th {\n        vertical-align: top;\n    }\n\n    .dataframe thead th {\n        text-align: right;\n    }\n</style>\n<table border=\"1\" class=\"dataframe\">\n  <thead>\n    <tr style=\"text-align: right;\">\n      <th></th>\n      <th>f1</th>\n      <th>f2</th>\n      <th>f3</th>\n      <th>f4</th>\n    </tr>\n  </thead>\n  <tbody>\n    <tr>\n      <th>0</th>\n      <td>-1.000000</td>\n      <td>-0.923133</td>\n      <td>0.526235</td>\n      <td>0.260623</td>\n    </tr>\n    <tr>\n      <th>1</th>\n      <td>0.333333</td>\n      <td>1.055009</td>\n      <td>1.403293</td>\n      <td>1.563740</td>\n    </tr>\n    <tr>\n      <th>2</th>\n      <td>-1.000000</td>\n      <td>1.055009</td>\n      <td>-0.350823</td>\n      <td>-0.173749</td>\n    </tr>\n    <tr>\n      <th>3</th>\n      <td>0.333333</td>\n      <td>-0.923133</td>\n      <td>-1.227881</td>\n      <td>-1.042493</td>\n    </tr>\n    <tr>\n      <th>4</th>\n      <td>1.333333</td>\n      <td>-0.263752</td>\n      <td>-0.350823</td>\n      <td>-0.608121</td>\n    </tr>\n  </tbody>\n</table>\n</div>"},"metadata":{}}]},{"metadata":{},"cell_type":"markdown","source":"### Find the covariance matrix for the given dataset"},{"metadata":{},"cell_type":"markdown","source":"There are **2 methods** for this:\n1. Sample Formula\n2. Population Formula\n\nWe can use any of the formula,"},{"metadata":{},"cell_type":"markdown","source":"### 1. Covariance sample formula (divide by N-1 )"},{"metadata":{"trusted":true},"cell_type":"code","source":"V = np.cov(std_data.T , bias = 0)\nprint(V)","execution_count":43,"outputs":[{"output_type":"stream","text":"[[ 1.         -0.10989675 -0.14617634 -0.18098843]\n [-0.10989675  1.          0.46265195  0.58715398]\n [-0.14617634  0.46265195  1.          0.97147263]\n [-0.18098843  0.58715398  0.97147263  1.        ]]\n","name":"stdout"}]},{"metadata":{},"cell_type":"markdown","source":"### 2. Covariance population formula (divide by N)"},{"metadata":{"trusted":true},"cell_type":"code","source":"V1 = np.cov(std_data.T , bias = 1)\nprint(V1)","execution_count":44,"outputs":[{"output_type":"stream","text":"[[ 0.8        -0.0879174  -0.11694107 -0.14479075]\n [-0.0879174   0.8         0.37012156  0.46972318]\n [-0.11694107  0.37012156  0.8         0.7771781 ]\n [-0.14479075  0.46972318  0.7771781   0.8       ]]\n","name":"stdout"}]},{"metadata":{},"cell_type":"markdown","source":"### Calculate Eigenvalue and Eigen Vector"},{"metadata":{"trusted":true},"cell_type":"code","source":"values, vectors = eig(V)\nprint(vectors)\n","execution_count":45,"outputs":[{"output_type":"stream","text":"[[ 0.17757819 -0.9833757   0.02266973  0.0304023 ]\n [-0.46755449 -0.11411183 -0.12370483 -0.86779514]\n [-0.59870266 -0.11010221 -0.66549306  0.43191621]\n [-0.62563081 -0.08847725  0.73573241  0.24383536]]\n","name":"stdout"}]},{"metadata":{"trusted":true},"cell_type":"code","source":"print(values)","execution_count":46,"outputs":[{"output_type":"stream","text":"[2.41982989 0.95459699 0.01697271 0.60860041]\n","name":"stdout"}]},{"metadata":{},"cell_type":"markdown","source":"### Project Data"},{"metadata":{"trusted":true},"cell_type":"code","source":"P = vectors.T.dot(std_data.T)\nprint(P.T)","execution_count":47,"outputs":[{"output_type":"stream","text":"[[-0.22407555  1.00771721 -0.06693033  1.06152627]\n [-2.25256047 -0.74104194  0.09365951  0.08200267]\n [-0.35211082  0.91698596 -0.04754169 -1.13982613]\n [ 1.87815929  0.00497784  0.17190281  0.02668559]\n [ 0.95058755 -1.18863906 -0.1510903  -0.0303884 ]]\n","name":"stdout"}]},{"metadata":{},"cell_type":"markdown","source":"### Result Using sklearn library"},{"metadata":{"trusted":true},"cell_type":"code","source":"from sklearn.decomposition import PCA\n\npca = PCA(2)\npca.fit_transform(A)\n\nprint(pca.components_)","execution_count":52,"outputs":[{"output_type":"stream","text":"[[ 0.85757205 -0.19504244 -0.19734083 -0.43311109]\n [ 0.51420394  0.34072566  0.34293369  0.70844676]]\n","name":"stdout"}]},{"metadata":{"trusted":true},"cell_type":"code","source":"print(pca.explained_variance_)","execution_count":53,"outputs":[{"output_type":"stream","text":"[9.86007991 6.61303244]\n","name":"stdout"}]},{"metadata":{"trusted":true},"cell_type":"code","source":"# transform data\nB = pca.transform(A)\nprint(B)","execution_count":54,"outputs":[{"output_type":"stream","text":"[[-2.6779279  -1.38879949]\n [-1.3294411   4.15846725]\n [-2.6326033  -1.41800294]\n [ 2.44637524 -2.14319138]\n [ 4.19359705  0.79152656]]\n","name":"stdout"}]},{"metadata":{},"cell_type":"markdown","source":"### I hope you liked my notebook"}],"metadata":{"kernelspec":{"name":"python3","display_name":"Python 3","language":"python"},"language_info":{"name":"python","version":"3.7.6","mimetype":"text/x-python","codemirror_mode":{"name":"ipython","version":3},"pygments_lexer":"ipython3","nbconvert_exporter":"python","file_extension":".py"}},"nbformat":4,"nbformat_minor":4}